Resultados de ajuste Stilbene 
--------------------------------

Canal   511 22Na 
Amplitud: 385.567 ± 5.73505
Media: 0.116248 ± 244.637
Sigma: -9615.76 ± 261379
Slope: 203.721 ± 5.73505

Canal  1274.537 22Na 
Amplitud: 5004.3 ± 4826.58
Media: -0.0317925 ± 0.00561281
Sigma: -9345.27 ± 32.3215
Slope: 192.533 ± 6.38284

Canal  238Pu+13C 
Amplitud: 8714 ± 4826.58
Media: -0.133 ± 0.00561281
Sigma: 241.6 ± 32.3215
Slope: 1078.6 ± 6.38284

Canal 238Pu+13C-
Amplitud: 1372 ± 4826.58
Media: -56 ± 0.00561281
Sigma: 502 ± 32.3215
Slope: 185 ± 6.38284
